1 2
2 1
2 3
3 2
3 4
3 5
4 3
4 9
5 3
5 6
5 7
6 5
6 21
7 5
7 8
7 9
8 7
9 4
9 7
9 10
10 9
10 11
10 20
11 10
11 12
12 11
12 13
13 12
13 14
13 20
14 13
14 15
14 16
15 14
16 14
16 17
17 16
17 18
17 19
18 17
19 17
19 20
20 10
20 13
20 19
21 6
21 22
21 23
21 24
22 21
23 21
24 21
24 25
25 24
25 26
26 25
26 27
26 28
27 26
27 32
28 26
28 29
28 30
29 28
29 41
30 28
30 31
30 32
31 30
32 27
32 30
32 33
33 32
33 34
33 40
34 33
34 35
34 36
35 34
36 34
36 37
37 36
37 38
37 39
38 37
39 37
39 40
40 33
40 39
41 29
41 42
41 43
41 44
42 41
43 41
44 41
44 45
45 44
45 46
46 45
46 47
46 48
47 46
47 52
48 46
48 49
48 50
49 48
49 63
50 48
50 51
50 52
51 50
52 47
52 50
52 53
53 52
53 54
53 62
54 53
54 55
55 54
55 56
56 55
56 57
56 62
57 56
57 58
57 59
58 57
59 57
59 60
60 59
60 61
61 60
61 62
62 53
62 56
62 61
63 49
63 64
63 65
63 66
64 63
65 63
66 63
66 67
67 66
67 68
68 67
68 69
68 70
69 68
69 74
70 68
70 71
70 72
71 70
71 86
72 70
72 73
72 74
73 72
74 69
74 72
74 75
75 74
75 76
75 85
76 75
76 77
77 76
77 78
78 77
78 79
78 85
79 78
79 80
79 81
80 79
81 79
81 82
82 81
82 83
82 84
83 82
84 82
84 85
85 75
85 78
85 84
86 71
86 87
86 88
86 89
87 86
88 86
89 86
89 90
90 89
90 91
91 90
91 92
91 93
92 91
92 97
93 91
93 94
93 95
94 93
94 108
95 93
95 96
95 97
96 95
97 92
97 95
97 98
98 97
98 99
98 107
99 98
99 100
100 99
100 101
101 100
101 102
101 107
102 101
102 103
102 104
103 102
104 102
104 105
105 104
105 106
106 105
106 107
107 98
107 101
107 106
108 94
108 109
108 110
108 111
109 108
110 108
111 108
111 112
112 111
112 113
113 112
113 114
113 115
114 113
114 119
115 113
115 116
115 117
116 115
116 128
117 115
117 118
117 119
118 117
119 114
119 117
119 120
120 119
120 121
120 127
121 120
121 122
121 123
122 121
123 121
123 124
124 123
124 125
124 126
125 124
126 124
126 127
127 120
127 126
128 116
128 129
128 130
128 131
129 128
130 128
131 128
131 132
132 131
132 133
133 132
133 134
133 135
134 133
134 139
135 133
135 136
135 137
136 135
136 148
137 135
137 138
137 139
138 137
139 134
139 137
139 140
140 139
140 141
140 147
141 140
141 142
141 143
142 141
143 141
143 144
144 143
144 145
144 146
145 144
146 144
146 147
147 140
147 146
148 136
148 149
148 150
148 151
149 148
150 148
151 148
151 152
152 151
152 153
153 152
153 154
153 155
154 153
154 159
155 153
155 156
155 157
156 155
156 168
157 155
157 158
157 159
158 157
159 154
159 157
159 160
160 159
160 161
160 167
161 160
161 162
161 163
162 161
163 161
163 164
164 163
164 165
164 166
165 164
166 164
166 167
167 160
167 166
168 156
168 169
168 170
168 171
169 168
170 168
171 168
171 172
172 171
172 173
173 172
173 174
173 175
174 173
174 179
175 173
175 176
175 177
176 175
176 190
177 175
177 178
177 179
178 177
179 174
179 177
179 180
180 179
180 181
180 189
181 180
181 182
182 181
182 183
183 182
183 184
183 189
184 183
184 185
184 186
185 184
186 184
186 187
187 186
187 188
188 187
188 189
189 180
189 183
189 188
190 176
190 191
190 192
190 193
191 190
192 190
193 190
193 194
194 193
194 195
195 194
195 196
195 197
196 195
196 201
197 195
197 198
197 199
198 197
198 212
199 197
199 200
199 201
200 199
201 196
201 199
201 202
202 201
202 203
202 211
203 202
203 204
204 203
204 205
205 204
205 206
205 211
206 205
206 207
206 208
207 206
208 206
208 209
209 208
209 210
210 209
210 211
211 202
211 205
211 210
212 198
212 213
212 214
212 215
213 212
214 212
215 212
215 216
216 215
216 217
217 216
217 218
217 219
218 217
218 223
219 217
219 220
219 221
220 219
220 234
221 219
221 222
221 223
222 221
223 218
223 221
223 224
224 223
224 225
224 233
225 224
225 226
226 225
226 227
227 226
227 228
227 233
228 227
228 229
228 230
229 228
230 228
230 231
231 230
231 232
232 231
232 233
233 224
233 227
233 232
234 220
234 235
234 236
234 237
235 234
236 234
237 234
237 238
238 237
238 239
239 238
239 240
239 241
240 239
240 245
241 239
241 242
241 243
242 241
242 254
243 241
243 244
243 245
244 243
245 240
245 243
245 246
246 245
246 247
246 253
247 246
247 248
247 249
248 247
249 247
249 250
250 249
250 251
250 252
251 250
252 250
252 253
253 246
253 252
254 242
254 255
254 256
254 257
255 254
256 254
257 254
257 258
258 257
258 259
259 258
259 260
259 261
260 259
260 265
261 259
261 262
261 263
262 261
262 274
263 261
263 264
263 265
264 263
265 260
265 263
265 266
266 265
266 267
266 273
267 266
267 268
267 269
268 267
269 267
269 270
270 269
270 271
270 272
271 270
272 270
272 273
273 266
273 272
274 262
274 275
274 276
274 277
275 274
276 274
277 274
277 278
278 277
278 279
279 278
279 280
279 281
280 279
280 285
281 279
281 282
281 283
282 281
282 294
283 281
283 284
283 285
284 283
285 280
285 283
285 286
286 285
286 287
286 293
287 286
287 288
287 289
288 287
289 287
289 290
290 289
290 291
290 292
291 290
292 290
292 293
293 286
293 292
294 282
294 295
294 296
294 297
295 294
296 294
297 294
297 298
298 297
298 299
299 298
299 300
299 301
300 299
300 305
301 299
301 302
301 303
302 301
302 317
303 301
303 304
303 305
304 303
305 300
305 303
305 306
306 305
306 307
306 316
307 306
307 308
308 307
308 309
309 308
309 310
309 316
310 309
310 311
310 312
311 310
312 310
312 313
313 312
313 314
313 315
314 313
315 313
315 316
316 306
316 309
316 315
317 302
317 318
317 319
317 320
318 317
319 317
320 317
320 321
321 320
321 322
322 321
322 323
322 324
323 322
323 328
324 322
324 325
324 326
325 324
326 324
326 327
326 328
327 326
328 323
328 326
328 329
329 328
329 330
329 336
330 329
330 331
330 332
331 330
332 330
332 333
333 332
333 334
333 335
334 333
335 333
335 336
336 329
336 335
338 339
339 338
339 340
340 339
340 341
340 342
341 340
341 346
342 340
342 343
342 344
343 342
343 358
344 342
344 345
344 346
345 344
346 341
346 344
346 347
347 346
347 348
347 357
348 347
348 349
349 348
349 350
350 349
350 351
350 357
351 350
351 352
351 353
352 351
353 351
353 354
354 353
354 355
354 356
355 354
356 354
356 357
357 347
357 350
357 356
358 343
358 359
358 360
358 361
359 358
360 358
361 358
361 362
362 361
362 363
363 362
363 364
363 365
364 363
364 369
365 363
365 366
365 367
366 365
366 378
367 365
367 368
367 369
368 367
369 364
369 367
369 370
370 369
370 371
370 377
371 370
371 372
371 373
372 371
373 371
373 374
374 373
374 375
374 376
375 374
376 374
376 377
377 370
377 376
378 366
378 379
378 380
378 381
379 378
380 378
381 378
381 382
382 381
382 383
383 382
383 384
383 385
384 383
384 389
385 383
385 386
385 387
386 385
386 400
387 385
387 388
387 389
388 387
389 384
389 387
389 390
390 389
390 391
390 399
391 390
391 392
392 391
392 393
393 392
393 394
393 399
394 393
394 395
394 396
395 394
396 394
396 397
397 396
397 398
398 397
398 399
399 390
399 393
399 398
400 386
400 401
400 402
400 403
401 400
402 400
403 400
403 404
404 403
404 405
405 404
405 406
405 407
406 405
406 411
407 405
407 408
407 409
408 407
408 423
409 407
409 410
409 411
410 409
411 406
411 409
411 412
412 411
412 413
412 422
413 412
413 414
414 413
414 415
415 414
415 416
415 422
416 415
416 417
416 418
417 416
418 416
418 419
419 418
419 420
419 421
420 419
421 419
421 422
422 412
422 415
422 421
423 408
423 424
423 425
423 426
424 423
425 423
426 423
426 427
427 426
427 428
428 427
428 429
428 430
429 428
429 434
430 428
430 431
430 432
431 430
431 445
432 430
432 433
432 434
433 432
434 429
434 432
434 435
435 434
435 436
435 444
436 435
436 437
437 436
437 438
438 437
438 439
438 444
439 438
439 440
439 441
440 439
441 439
441 442
442 441
442 443
443 442
443 444
444 435
444 438
444 443
445 431
445 446
445 447
445 448
446 445
447 445
448 445
448 449
449 448
449 450
450 449
450 451
450 452
451 450
451 456
452 450
452 453
452 454
453 452
453 465
454 452
454 455
454 456
455 454
456 451
456 454
456 457
457 456
457 458
457 464
458 457
458 459
458 460
459 458
460 458
460 461
461 460
461 462
461 463
462 461
463 461
463 464
464 457
464 463
465 453
465 466
465 467
465 468
466 465
467 465
468 465
468 469
469 468
469 470
470 469
470 471
470 472
471 470
471 476
472 470
472 473
472 474
473 472
473 485
474 472
474 475
474 476
475 474
476 471
476 474
476 477
477 476
477 478
477 484
478 477
478 479
478 480
479 478
480 478
480 481
481 480
481 482
481 483
482 481
483 481
483 484
484 477
484 483
485 473
485 486
485 487
485 488
486 485
487 485
488 485
488 489
489 488
489 490
490 489
490 491
490 492
491 490
491 496
492 490
492 493
492 494
493 492
493 505
494 492
494 495
494 496
495 494
496 491
496 494
496 497
497 496
497 498
497 504
498 497
498 499
498 500
499 498
500 498
500 501
501 500
501 502
501 503
502 501
503 501
503 504
504 497
504 503
505 493
505 506
505 507
505 508
506 505
507 505
508 505
508 509
509 508
509 510
510 509
510 511
510 512
511 510
511 516
512 510
512 513
512 514
513 512
513 527
514 512
514 515
514 516
515 514
516 511
516 514
516 517
517 516
517 518
517 526
518 517
518 519
519 518
519 520
520 519
520 521
520 526
521 520
521 522
521 523
522 521
523 521
523 524
524 523
524 525
525 524
525 526
526 517
526 520
526 525
527 513
527 528
527 529
527 530
528 527
529 527
530 527
530 531
531 530
531 532
532 531
532 533
532 534
533 532
533 538
534 532
534 535
534 536
535 534
535 549
536 534
536 537
536 538
537 536
538 533
538 536
538 539
539 538
539 540
539 548
540 539
540 541
541 540
541 542
542 541
542 543
542 548
543 542
543 544
543 545
544 543
545 543
545 546
546 545
546 547
547 546
547 548
548 539
548 542
548 547
549 535
549 550
549 551
549 552
550 549
551 549
552 549
552 553
553 552
553 554
554 553
554 555
554 556
555 554
555 560
556 554
556 557
556 558
557 556
557 571
558 556
558 559
558 560
559 558
560 555
560 558
560 561
561 560
561 562
561 570
562 561
562 563
563 562
563 564
564 563
564 565
564 570
565 564
565 566
565 567
566 565
567 565
567 568
568 567
568 569
569 568
569 570
570 561
570 564
570 569
571 557
571 572
571 573
571 574
572 571
573 571
574 571
574 575
575 574
575 576
576 575
576 577
576 578
577 576
577 582
578 576
578 579
578 580
579 578
579 591
580 578
580 581
580 582
581 580
582 577
582 580
582 583
583 582
583 584
583 590
584 583
584 585
584 586
585 584
586 584
586 587
587 586
587 588
587 589
588 587
589 587
589 590
590 583
590 589
591 579
591 592
591 593
591 594
592 591
593 591
594 591
594 595
595 594
595 596
596 595
596 597
596 598
597 596
597 602
598 596
598 599
598 600
599 598
599 611
600 598
600 601
600 602
601 600
602 597
602 600
602 603
603 602
603 604
603 610
604 603
604 605
604 606
605 604
606 604
606 607
607 606
607 608
607 609
608 607
609 607
609 610
610 603
610 609
611 599
611 612
611 613
611 614
612 611
613 611
614 611
614 615
615 614
615 616
616 615
616 617
616 618
617 616
617 622
618 616
618 619
618 620
619 618
619 631
620 618
620 621
620 622
621 620
622 617
622 620
622 623
623 622
623 624
623 630
624 623
624 625
624 626
625 624
626 624
626 627
627 626
627 628
627 629
628 627
629 627
629 630
630 623
630 629
631 619
631 632
631 633
631 634
632 631
633 631
634 631
634 635
635 634
635 636
636 635
636 637
636 638
637 636
637 642
638 636
638 639
638 640
639 638
639 654
640 638
640 641
640 642
641 640
642 637
642 640
642 643
643 642
643 644
643 653
644 643
644 645
645 644
645 646
646 645
646 647
646 653
647 646
647 648
647 649
648 647
649 647
649 650
650 649
650 651
650 652
651 650
652 650
652 653
653 643
653 646
653 652
654 639
654 655
654 656
654 657
655 654
656 654
657 654
657 658
658 657
658 659
659 658
659 660
659 661
660 659
660 665
661 659
661 662
661 663
662 661
663 661
663 664
663 665
664 663
665 660
665 663
665 666
666 665
666 667
666 673
667 666
667 668
667 669
668 667
669 667
669 670
670 669
670 671
670 672
671 670
672 670
672 673
673 666
673 672
